0.99993370771308
0.99969841207481
1.0001156586092
0.999528780441
-0.99968879372905
-0.99951740662475
0.99974004259999
1.0001373302219
0.99976143762915
-0.99956924478585
-0.99969763854575
1.0001657663296
-0.99957039972395
1.0001462791417
-0.99967325678575
1.0002991092874
0.99990614764028
-0.99947519178595
0.99987914060217
1.000560531706
0.9997049633322
-0.99973376233435
-1.0001143645207
-1.0001615812592
1.0000438536664
-1.000620067594
0.99955939441497
0.999844245866
0.99987914060217
0.9995450174485
0.9995450174485
1.0001903225399
1.0001787452927
-0.99985536003235
0.99978498452593
0.9997697267731
0.99942957583188
0.99980985265184
-0.99961421292825
-0.99992305287965
1.0001381265623
0.9995012904814
-1.0002371917865
1.000188949032
1.0003347099151
-0.99987013342525
1.0007251345847
1.0000267681395
1.0004307552142
1.0004567927206
1.0006503898105
1.0007386960143
1.0007054473931
0.99996821052312
-0.99978653190195
1.0004293400633
0.99974381093055
1.0001817025453
1.0001787452927
-0.99994568815285
1.0008048536038
1.0007503957519
1.0009665446055
1.0008019953137
0.99978026520206
1
0.99965259321634
1.0007888927989
1.0001073131367
1.0000966765517
-1.0003015879252
0.99985162508429
0.99974004259999
0.99982684203604
1.0004292834741
1.0002160613773
1.0001657663296
1.0003865320635
1.000471262575
1.0005473613301
1.0000756157461
1.0003779317008
1.0003453253958
0.999844245866
0.99938305936901
-1.0000094386368
0.99977694414646
1.0000200104424
0.99997916644502
1.0001299945629
0.99968279600399
-0.99987792170145
-0.99991147496255
-1.0002933029872
1.0002858408293
-0.99981598729405
0.99997916644502
1.0006190162164
1.0002743637738
1.0009377989015
1.0002858408293
1.0009665446055
1.0000307185133
1.0000754921339
1.0003023614543
1.0001312290517
1.0002743637738
0.99980985265184
-1.0001210482998
1.000115480806
1.0006576055681
-0.99944543890115
1.0006048625464
1.0006486184425
-1.0003474067836
-1.0001097266869
1.0002955929299
