0.25763913100025
0.15587929964166
0.02154682547176
-0.050099211596451
0.25311169229438
1.1332930290489
0.29903888266785
0.61316752372665
0.30619414913781
0.69950211233054
0.22019421404676
0.094253738780766
0.14652343628883
0.27878774353362
0.14200422931198
0.25277217507091
0.25277217507091
0.25277217507091
0.277366065272
0.31384220206591
0.5103002154151
0.19091887594736
1.1017612638755
0.39018412572865
0.23792753251151
0.11903267940642
0.46370066736948
0.15224065023633
0.047144312482478
0.32464440727174
0.65452581428349
0.037306692814138
0.18304784299248
-0.2233955741911
0.72641830312865
0.67219881909545
0.317651423566
1.1332930290489
0.19363986931439
0.92863977896466
0.32013747295986
1.1332930290489
0.39251154477066
0.24424726042514
0.96603442680834
0.051569083217954
0.21143829318966
0.68271699760699
0.20392976934067
0.26249703725062
1.1332930290489
0.25215496320364
0.14652343628883
0.23350843649357
0.23179024563691
0.27217014959615
0.036426306765305
0.65871162263058
0.24424726042514
1.1332930290489
0.243322639498
0.23039505233148
0.54972156229827
0.33521533396915
0.37993659151743
0.45225777533621
0.10697808180664
0.49130089878545
0.14525909720229
1.0548088886448
-0.09565401540111
0.12993753497655
-0.37952808562062
1.1332930290489
0.25040146645812
0.64334405100784
0.29281196393695
1.1332930290489
0.44909342555008
0.29643343446355
0.14926713665821
0.37833766222428
0.39721647882256
0.22204909151134
-0.095617006921755
0.1033322255001
0.15490011417668
0.22391855849411
0.51944487618571
-0.11249819407911
0.25071460311884
0.51478597822925
0.26504123550375
1.1332930290489
1.1332930290489
0.12852591052613
0.47407173754331
1.1332930290489
0.6580704049689
0.16811585942432
0.15240825249387
0.26218398303961
1.1332930290489
0.28623502380917
0.2173697981759
0.25115384653549
0.23559868730022
0.044789116748199
0.58394197901484
0.52865609035206
0.37819644496045
0.22606172015405
0.47950710335885
0.24274275747688
0.11821973278553
-0.061984772265346
0.29986625286626
0.53430814030632
0.25778491982203
0.29889458739611
-0.032243634553512
1.7049902921473
-0.45398668719144
0.68752866231021
0.71929256760462
0.20207029076915
0.25151412448626
0.18232784706587
1.1332930290489
1.1332930290489
1.1332930290489
1.1332930290489
0.25763913100025
0.37819644496045
0.39130972476144
0.59645232261587
0.66437206097896
0.2475915661069
0.27254562379397
0.5438571450138
0.53150271016998
1.1332930290489
0.2543852250968
0.35577161067308
1.3705101871405
0.43632120807047
0.70501359186873
0.18374099075442
0.20289954217269
0.77443326900059
0.22498635091755
0.63529768084823
0.55300994308055
0.10486558341624
0.01900387164398
0.36015000989597
0.46967509245989
0.51647251364385
0.1955536618995
0.26899473847929
0.20503295270988
0.8115055273966
0.45392307605691
-0.1920206922137
0.23984701846844
0.43638849703606
0.29473702249256
0.27075839328236
0.22893837725474
0.40795286913598
0.34187120607668
-0.2439265889545
0.57349423866348
0.25092410652303
0.08212383970087
0.11723947174927
0.11497219414699
0.60853626171099
0.20583868509765
0.18108347124681
0.26681862310656
0.25763913100025
0.5155686472847
0.3621048190026
0.56481530038042
1.1912661134139
0.7978213792051
0.28623502380917
1.0744139623259
0.22762615087557
0.056567568557803
0.37692654758184
0.72070342154324
0.44331638897954
0.44331638897954
0.32780658314886
0.44331638897954
0.44331638897954
0.11623128167208
0.41987617368535
